center      name       ll          lr          cl          cr          rl          rr     
3933.675    CaK        3931.68     3932.18     3933.18     3934.18     3935.18     3935.68
3968.469    CaH        3966.79     3967.21     3968.05     3968.89     3969.73     3970.15
3824.45     FeI        3824.19     3824.25     3824.37     3824.53     3824.61     3824.67
3849.01     LaII       3848.37     3848.50     3848.95     3849.10     3849.15     3849.25
3856.38     FeI        3856.05     3856.13     3856.29     3856.48     3856.61     3856.69
3878.02     FeI        3877.80     3877.90     3877.90     3878.15     3878.15     3878.25
3878.58     FeI        3878.35     3878.50     3878.50     3878.70     3879.20     3879.30
3859.92     FeI        3859.43     3859.55     3859.79     3860.05     3860.27     3860.39
3886.28     FeI        3885.88     3885.98     3886.18     3886.38     3886.58     3886.68
3895.66     FeI        3895.41     3895.47     3895.59     3895.73     3895.83     3895.89
3899.71     FeI        3899.55     3899.59     3899.67     3899.75     3899.83     3899.87
3905.53     SiI        3905.13     3905.23     3905.43     3905.64     3905.83     3905.93
3907.94     FeI        3907.55     3907.63     3907.90     3907.98     3908.05     3908.15
3908.76     CrI        3908.60     3908.63     3908.63     3908.82     3908.82     3908.87
3914.33     TiI+VII    3913.80     3913.90     3914.23     3914.41     3914.80     3914.90
3917.19     FeI        3916.85     3916.92     3917.10     3917.27     3917.45     3917.52
3920.26     FeI        3920.10     3920.14     3920.22     3920.30     3920.38     3920.42
3922.92     FeI        3922.60     3922.68     3922.84     3923.00     3923.16     3923.24
3927.93     FeI        3927.45     3927.60     3927.85     3928.00     3928.45     3928.55
3930.30     FeI        3930.00     3930.15     3930.20     3930.40     3930.60     3930.75
3944.01     AlI        3942.55     3942.70     3943.30     3944.70     3945.55     3945.80
3961.53     AlI        3958.80     3959.14     3960.39     3962.71     3963.80     3964.20
4020.90     CoI        4020.60     4020.75     4020.82     4020.97     4021.05     4021.20
4032.63     FeI        4032.50     4032.56     4032.60     4032.68     4032.72     4032.80
4045.82     FeI        4044.20     4044.40     4044.57     4047.13     4047.40     4047.60
4048.75     MnI        4048.45     4048.60     4048.69     4048.81     4048.87     4048.94
4055.55     MnI        4055.30     4055.40     4055.50     4055.60     4055.70     4055.80
4058.93     MnI+CaI    4058.34     4058.43     4058.89     4058.97     4059.03     4059.15
4061.73     MnI        4061.50     4061.60     4061.64     4061.81     4061.81     4061.90
4063.60     FeI        4062.10     4062.30     4062.68     4064.60     4065.17     4065.31
4071.74     FeI        4069.70     4069.95     4070.86     4072.54     4073.15     4073.40
4077.72     SrII       4077.40     4077.50     4077.66     4077.79     4077.85     4078.00
4092.68     VI         4092.00     4092.20     4092.61     4092.75     4093.10     4093.23
4099.79     VI         4099.50     4099.70     4099.74     4099.84     4099.87     4099.96
4100.74     FeI        4100.50     4100.60     4100.70     4100.79     4100.95     4101.10
4102.94     SiI        4102.60     4102.80     4102.90     4103.00     4103.20     4103.45
4109.80     FeI+VI     4109.15     4109.30     4109.73     4109.85     4110.10     4110.25
4110.54     CoI        4110.10     4110.25     4110.47     4110.59     4111.13     4111.28
4111.78     VI         4111.50     4111.60     4111.75     4111.84     4111.87     4111.97
4115.18     VI         4115.00     4115.10     4115.13     4115.23     4115.30     4115.40
4116.48     VI         4116.30     4116.40     4116.44     4116.51     4117.04     4117.25
4116.55     VI         4116.30     4116.40     4116.51     4116.58     4117.04     4117.25
4121.32     CoI        4120.90     4121.00     4121.28     4121.38     4121.50     4121.60
4121.81     FeI        4121.50     4121.60     4121.74     4121.91     4122.00     4122.10
4132.06     FeI        4131.42     4131.63     4131.88     4132.26     4133.04     4133.26
4143.87     FeI        4143.60     4143.70     4143.80     4143.92     4144.00     4144.10
4147.67     FeI        4147.39     4147.43     4147.64     4147.71     4147.80     4147.90
4174.92     FeI        4174.55     4174.70     4174.87     4174.96     4175.25     4175.40
4177.60     FeI        4177.40     4177.50     4177.56     4177.64     4177.90     4178.00
4180.83     VII        4180.50     4180.65     4180.74     4180.97     4181.00     4181.15
4187.04     FeI        4186.80     4186.90     4187.00     4187.10     4187.20     4187.30
4190.71     CoI        4190.40     4190.50     4190.64     4190.80     4190.90     4191.00
4206.70     FeI        4206.40     4206.50     4206.67     4206.74     4206.80     4206.90
4216.19     FeI        4216.05     4216.10     4216.15     4216.24     4216.30     4216.37
4226.73     CaI        4221.17     4222.55     4225.31     4228.07     4230.83     4232.21
4246.83     ScII       4246.55     4246.65     4246.80     4246.88     4247.00     4247.10
4250.12     FeI        4249.80     4249.90     4250.09     4250.18     4250.30     4250.40
4250.79     FeI        4250.40     4250.50     4250.75     4250.85     4251.00     4251.10
4252.30     CoI        4251.90     4252.10     4252.24     4252.37     4252.40     4252.60
4254.34     CrI        4253.29     4253.46     4254.02     4254.71     4255.34     4255.42
4258.32     FeI        4257.80     4258.00     4258.27     4258.36     4258.80     4258.89
4281.37     TiI        4281.20     4281.30     4281.33     4281.40     4281.45     4281.55
4291.47     FeI        4291.30     4291.37     4291.43     4291.51     4291.58     4291.70
4294.13     FeI+TiII   4293.60     4293.70     4294.07     4294.20     4294.45     4294.56
4298.99     CaI        4298.87     4298.91     4298.97     4299.04     4299.07     4299.12
4318.65     CaI        4317.79     4317.97     4318.61     4318.70     4319.00     4319.25
4320.74     ScII       4320.20     4320.30     4320.64     4320.85     4321.03     4321.18
4325.77     FeI        4325.22     4325.29     4325.70     4325.86     4326.23     4326.30
4330.02     VI         4329.65     4329.80     4329.97     4330.08     4330.11     4330.18
4337.05     FeI        4336.87     4336.94     4337.01     4337.11     4337.16     4337.21
4337.92     TiII       4337.70     4337.80     4337.85     4338.00     4338.05     4338.10
4340.49     Hgamma     4338.98     4339.34     4340.06     4340.78     4341.50     4341.86
4341.00     VI         4338.98     4339.34     4340.97     4341.07     4341.50     4341.86
4351.77     FeII       4351.16     4351.31     4351.72     4351.84     4353.23     4353.37
4351.91     MgI        4351.16     4351.31     4351.84     4351.97     4353.23     4353.37
4352.74     FeI        4351.16     4351.31     4352.69     4352.79     4353.23     4353.37
4352.87     VI         4351.16     4351.31     4352.79     4352.95     4353.23     4353.37
4367.91     FeI        4367.79     4367.82     4367.87     4367.95     4368.18     4368.22
4368.05     VI         4367.79     4367.82     4368.00     4368.10     4368.18     4368.22
4371.28     CrI        4370.70     4370.80     4371.23     4371.34     4371.62     4371.72
4374.16     CrI        4373.96     4374.03     4374.12     4374.27     4374.31     4374.36
4374.47     ScII       4374.31     4374.36     4374.44     4374.51     4374.67     4374.74
4375.94     FeI        4375.78     4375.82     4375.90     4375.98     4376.06     4376.10
4379.23     VI         4379.03     4379.12     4379.17     4379.30     4379.36     4379.50
4383.55     FeI        4380.17     4380.30     4382.24     4384.88     4386.20     4386.37
4389.25     FeI        4389.00     4389.10     4389.22     4389.30     4389.35     4389.43
4389.99     VI         4389.36     4389.42     4389.93     4390.06     4390.71     4390.82
4395.04     TiII       4394.30     4394.60     4394.94     4395.13     4395.63     4395.75
4395.23     VI         4394.30     4394.60     4395.20     4395.30     4395.63     4395.75
4399.77     TiII       4399.33     4399.40     4399.70     4399.87     4400.03     4400.08
4404.76     FeI        4402.50     4403.00     4403.75     4405.63     4407.00     4407.50
4406.64     VI         4406.30     4406.40     4406.60     4406.73     4406.80     4407.00
4407.68     FeI        4407.05     4407.18     4407.59     4407.76     4408.70     4408.90
4408.20     VI         4407.05     4407.18     4408.15     4408.28     4408.70     4408.90
4408.47     FeI        4407.05     4407.18     4408.38     4408.59     4408.70     4408.90
4416.47     VI         4416.20     4416.30     4416.40     4416.55     4416.60     4416.70
4421.57     VI         4421.40     4421.50     4421.54     4421.62     4421.65     4421.70
4426.02     VI+TiI     4425.61     4425.71     4425.91     4426.11     4426.31     4426.41
4427.32     FeI        4427.08     4427.14     4427.26     4427.38     4427.50     4427.56
4428.52     VI+CrI     4428.00     4428.20     4428.46     4428.61     4428.80     4429.00
4429.79     VI         4429.40     4429.65     4429.71     4429.88     4429.87     4429.95
4435.15     FeI        4434.58     4434.71     4435.11     4435.21     4435.40     4435.50
4436.14     VI         4435.90     4436.05     4436.10     4436.20     4436.21     4436.26
4437.83     VI         4437.61     4437.67     4437.77     4437.91     4438.03     4438.09
4439.88     FeI        4439.45     4439.55     4439.80     4440.00     4440.00     4440.20
4441.69     TiII+VI    4441.33     4441.39     4441.63     4441.75     4441.85     4441.91
4442.34     FeI        4442.00     4442.10     4442.30     4442.40     4442.60     4442.70
4443.81     TiII       4443.45     4443.60     4443.76     4443.86     4444.00     4444.12
4444.21     VI         4444.00     4444.12     4444.14     4444.29     4444.34     4444.46
4451.59     MnI        4451.20     4451.40     4451.50     4451.70     4452.20     4452.40
4452.01     VI         4451.20     4451.40     4451.90     4452.10     4452.20     4452.40
4454.39     FeI        4453.95     4454.10     4454.25     4454.50     4456.80     4456.90
4455.32     TiI+MnI    4453.95     4454.10     4455.20     4455.45     4455.50     4455.65
4455.89     CaI        4455.50     4455.70     4455.86     4455.94     4456.10     4456.25
4457.50     MnI+VI     4457.20     4457.30     4457.40     4457.60     4457.63     4457.71
4459.76     VI         4459.50     4459.60     4459.70     4459.85     4459.90     4460.00
4460.30     VI         4459.99     4460.05     4460.23     4460.39     4460.55     4460.63
4461.66     FeI        4461.43     4461.49     4461.59     4461.73     4461.85     4461.91
4466.57     FeI        4465.90     4466.05     4466.50     4466.65     4467.05     4467.20
4468.50     TiII       4468.10     4468.30     4468.40     4468.60     4468.80     4469.00
4472.76     FeI        4472.00     4472.40     4472.67     4472.87     4473.20     4473.60
4482.18     FeI        4481.86     4481.94     4482.10     4482.26     4482.42     4482.50
4482.73     FeI        4482.50     4482.60     4482.63     4482.82     4483.00     4483.10
4489.74     FeI        4488.50     4488.75     4489.65     4489.85     4490.30     4490.45
4494.57     FeI        4493.70     4493.80     4494.46     4494.65     4495.10     4495.20
4496.86     CrI        4496.40     4496.60     4496.75     4497.00     4497.20     4497.40
4501.27     TiII       4500.80     4501.00     4501.20     4501.40     4501.50     4501.60
4512.74     TiI        4512.40     4512.60     4512.65     4512.85     4513.10     4513.30
4514.47     CrI        4513.80     4514.00     4514.30     4514.60     4514.85     4515.05
4518.03     TiI        4516.80     4517.00     4517.90     4518.20     4518.80     4519.00
4522.80     TiI        4522.20     4522.30     4522.72     4522.95     4523.15     4523.30
4528.62     FeI        4528.00     4528.20     4528.40     4528.90     4529.10     4529.30
4531.15     FeI        4530.20     4530.40     4531.06     4531.25     4531.40     4531.50
4533.25     TiI        4532.40     4532.60     4533.12     4533.35     4533.50     4533.70
4533.97     TiII       4533.50     4533.70     4533.86     4534.08     4534.30     4534.50
4534.78     TiI        4534.30     4534.50     4534.67     4534.90     4534.95     4535.05
4544.68     TiI        4544.20     4544.30     4544.55     4544.80     4544.80     4544.90
4545.35     CrI        4544.80     4544.90     4545.26     4545.48     4545.50     4545.70
4545.96     CrI        4545.50     4545.70     4545.80     4546.10     4546.20     4546.40
4549.63     TiII       4548.95     4549.10     4549.47     4549.85     4550.37     4550.58
4554.03     BaII       4553.50     4553.80     4553.90     4554.20     4554.60     4554.75
4563.76     TiII       4563.50     4563.60     4563.67     4563.89     4564.00     4564.10
4571.10     MgI        4570.86     4570.92     4571.04     4571.16     4571.28     4571.34
4571.98     TiII       4571.52     4571.59     4571.87     4572.14     4572.40     4572.60
4577.18     VI         4576.95     4577.01     4577.12     4577.25     4577.37     4577.43
4586.37     VI         4585.42     4585.54     4586.30     4586.50     4586.50     4586.80
4592.66     FeI        4592.15     4592.30     4592.58     4592.80     4592.85     4593.05
4594.12     VI         4593.80     4593.88     4594.04     4594.20     4594.36     4594.44
4600.75     CrI        4600.50     4600.60     4600.65     4600.86     4601.60     4601.80
4602.95     FeI        4602.50     4602.70     4602.80     4603.10     4603.20     4603.40
4616.13     CrI        4615.70     4615.90     4616.00     4616.25     4616.30     4616.50
4621.93     CrI        4621.40     4621.60     4621.85     4622.00     4622.10     4622.30
4626.18     CrI        4625.55     4625.65     4626.03     4626.33     4626.95     4627.15
4629.35     FeII       4629.00     4629.20     4629.23     4629.47     4629.60     4629.80
4632.91     FeI        4632.40     4632.60     4632.88     4632.96     4633.40     4633.60
4645.19     TiI        4644.80     4645.00     4645.12     4645.30     4645.30     4645.40
4646.17     CrI        4645.65     4645.95     4646.05     4646.30     4647.00     4647.10
4647.44     FeI        4647.00     4647.10     4647.35     4647.60     4647.60     4647.80
4651.29     CrI        4650.90     4651.10     4651.18     4651.47     4651.50     4651.80
4652.16     CrI        4651.70     4651.90     4652.05     4652.28     4652.40     4652.80
4656.47     TiI        4656.28     4656.36     4656.40     4656.58     4656.60     4656.90
4675.11     FeI+TiI    4674.90     4675.00     4675.05     4675.20     4675.20     4675.30
4681.91     TiI        4681.60     4681.80     4681.85     4682.00     4682.67     4682.86
4715.30     TiI        4715.10     4715.20     4715.25     4715.35     4715.40     4715.50
4722.16     ZnI        4721.80     4722.00     4722.05     4722.28     4722.35     4722.50
4722.61     TiI        4722.40     4722.50     4722.53     4722.70     4722.75     4723.00
4723.16     TiI        4722.80     4722.95     4723.05     4723.25     4723.35     4723.70
4733.60     FeI        4733.00     4733.15     4733.50     4733.75     4734.25     4734.35
4736.78     FeI        4736.15     4736.35     4736.70     4736.87     4737.95     4738.50
4754.04     MnI        4753.30     4753.75     4753.95     4754.17     4755.35     4755.60
4759.27     TiI        4759.05     4759.15     4759.20     4759.35     4759.40     4759.70
4761.53     MnI        4761.30     4761.40     4761.47     4761.61     4761.80     4762.00
4762.38     MnI        4761.90     4762.10     4762.30     4762.50     4762.90     4763.10
4772.82     FeI        4772.40     4772.60     4772.71     4772.95     4772.95     4773.10
4783.42     MnI        4782.38     4782.68     4783.17     4783.67     4784.12     4784.40
4823.51     MnI        4822.75     4823.00     4823.40     4823.63     4823.75     4823.90
4827.46     VI         4827.00     4827.30     4827.40     4827.55     4827.70     4828.00
4831.65     VI         4831.45     4831.55     4831.59     4831.75     4831.80     4831.90
4832.43     VI         4832.15     4832.25     4832.35     4832.53     4832.53     4832.60
4840.88     TiI+FeI    4840.50     4840.70     4840.79     4841.01     4841.05     4841.30
4851.50     VI         4851.26     4851.32     4851.44     4851.56     4851.68     4851.74
4859.75     FeI        4859.35     4859.50     4859.60     4859.90     4860.00     4860.18
4861.33     Hbeta      4860.30     4860.80     4860.80     4861.87     4862.00     4862.40
4875.49     VI         4875.14     4875.35     4875.42     4875.57     4875.60     4875.70
4881.56     VI         4881.30     4881.43     4881.48     4881.65     4881.84     4882.00
4890.76     FeI        4889.39     4890.20     4890.70     4890.83     4892.00     4892.60
4891.50     FeI        4889.39     4890.20     4891.45     4891.55     4892.00     4892.60
4920.51     FeI        4919.53     4919.66     4920.15     4921.10     4921.28     4921.64
4923.93     FeII       4923.28     4923.66     4923.77     4924.10     4924.39     4924.50
4934.08     BaII       4933.50     4933.75     4933.97     4934.16     4934.30     4934.60
4938.82     FeI        4938.40     4938.60     4938.70     4938.95     4939.00     4939.10
4939.69     FeI        4939.40     4939.50     4939.60     4939.80     4939.85     4939.93
4942.49     CrI+FeI    4942.00     4942.20     4942.40     4942.60     4942.80     4943.00
4981.74     TiI        4981.25     4981.50     4981.63     4981.86     4981.95     4982.10
4991.07     TiI        4990.60     4990.85     4990.95     4991.18     4991.45     4991.75
4994.13     FeI        4993.85     4994.00     4994.05     4994.20     4994.25     4994.40
4999.51     TiI        4999.20     4999.30     4999.40     4999.65     4999.80     4999.90
5007.22     TiI+FeI    5004.50     5004.80     5007.15     5007.35     5007.85     5008.00
5009.65     TiI        5008.90     5009.15     5009.60     5009.72     5010.55     5010.70
5012.08     FeI        5011.84     5011.90     5012.02     5012.14     5012.26     5012.32
5013.30     TiI+CrI    5012.90     5013.10     5013.20     5013.45     5013.45     5013.60
5014.23     TiI+NiI    5014.00     5014.08     5014.14     5014.35     5014.43     5014.60
5016.17     TiI        5015.70     5015.90     5016.12     5016.23     5016.27     5016.39
5018.44     FeII       5017.90     5018.10     5018.30     5018.60     5018.70     5018.90
5020.03     TiI        5019.30     5019.55     5019.99     5020.07     5020.20     5020.40
5022.87     TiI        5022.55     5022.70     5022.78     5022.98     5023.00     5023.10
5024.85     TiI        5024.35     5024.65     5024.76     5024.98     5026.00     5026.26
5039.96     TiI        5039.50     5039.75     5039.85     5040.10     5040.32     5040.53
5040.90     FeI        5040.35     5040.50     5040.83     5040.95     5041.98     5042.08
5041.08     FeI        5040.35     5040.50     5041.02     5041.14     5041.98     5042.08
5041.76     FeI        5040.35     5040.50     5041.73     5041.82     5041.98     5042.08
5051.64     FeI        5051.48     5051.52     5051.60     5051.68     5051.76     5051.80
5060.08     FeI        5059.83     5059.97     5060.02     5060.15     5060.18     5060.31
5064.66     TiI        5064.30     5064.50     5064.61     5064.72     5064.76     5064.86
5068.77     FeI        5068.37     5068.55     5068.64     5068.91     5068.99     5069.28
5079.75     FeI        5079.36     5079.49     5079.68     5079.83     5080.17     5080.27
5083.34     FeI        5082.60     5082.90     5083.20     5083.50     5083.75     5084.01
5098.70     FeI        5098.20     5098.47     5098.64     5098.76     5099.50     5099.74
5105.54     CuI        5105.00     5105.20     5105.44     5105.67     5105.80     5106.00
5107.45     FeI        5107.00     5107.25     5107.35     5107.55     5108.00     5108.25
5107.65     FeI        5107.00     5107.25     5107.55     5107.75     5108.00     5108.25
5110.41     FeI        5110.17     5110.23     5110.35     5110.47     5110.59     5110.65
5115.40     NiI        5115.00     5115.20     5115.28     5115.56     5115.56     5115.70
5123.73     FeI        5123.04     5123.10     5123.63     5123.83     5124.24     5124.30
5127.36     FeI        5127.04     5127.21     5127.25     5127.48     5127.51     5127.59
5142.93     NiI        5141.95     5142.07     5142.87     5142.99     5143.18     5143.27
5147.48     TiI        5147.20     5147.40     5147.44     5147.54     5147.57     5147.64
5150.85     FeI        5150.35     5150.50     5150.75     5150.95     5151.25     5151.50
5151.91     FeI        5151.40     5151.60     5151.81     5152.03     5152.32     5152.47
5152.19     TiI        5151.40     5151.60     5152.14     5152.26     5152.32     5152.47
5166.29     FeI        5166.05     5166.11     5166.23     5166.35     5166.47     5166.53
5167.33     MgI        5166.43     5166.53     5167.25     5167.41     5168.30     5168.45
5167.49     FeI        5166.43     5166.53     5167.41     5167.60     5168.30     5168.45
5168.90     FeI        5168.30     5168.50     5168.80     5169.00     5169.60     5169.80
5171.60     FeI        5171.10     5171.40     5171.53     5171.71     5171.80     5172.00
5172.69     MgI        5170.20     5170.40     5172.60     5172.79     5176.25     5176.40
5183.61     MgI        5179.00     5180.00     5181.00     5186.00     5187.00     5188.00
5191.46     FeI        5191.09     5191.20     5191.34     5191.58     5191.76     5191.92
5192.97     TiI        5192.68     5192.84     5192.93     5193.04     5193.10     5193.30
5194.95     FeI        5194.25     5194.60     5194.85     5195.05     5195.15     5195.30
5198.71     FeI        5198.40     5198.55     5198.64     5198.80     5199.00     5199.30
5202.34     FeI        5201.70     5202.00     5202.12     5202.45     5202.58     5202.92
5204.53     CrI+FeI    5203.65     5204.00     5204.40     5204.70     5206.86     5207.01
5206.04     CrI        5203.65     5204.00     5205.80     5206.31     5206.86     5207.01
5208.43     CrI        5207.35     5207.53     5208.37     5208.52     5209.30     5209.49
5210.39     TiI        5209.95     5210.14     5210.34     5210.47     5210.54     5210.65
5216.28     FeI        5215.73     5216.01     5216.21     5216.36     5216.71     5217.00
5219.70     TiI        5219.30     5219.50     5219.65     5219.79     5219.83     5219.98
5225.53     FeI        5225.20     5225.40     5225.40     5225.65     5225.89     5226.00
5227.19     FeI        5226.20     5226.40     5227.10     5227.30     5227.80     5228.00
5238.58     TiI        5238.33     5238.44     5238.50     5238.66     5238.71     5238.85
5247.05     FeI        5245.00     5245.50     5246.90     5247.20     5248.50     5248.85
5247.57     CrI        5245.00     5245.50     5247.43     5247.75     5248.50     5248.85
5250.21     FeI        5248.50     5248.85     5250.10     5250.30     5251.10     5251.35
5254.96     FeI        5254.20     5254.40     5254.87     5255.05     5256.00     5256.60
5264.17     CrI        5261.00     5261.30     5264.12     5264.30     5264.52     5264.70
5269.54     FeI        5267.50     5268.00     5269.40     5269.70     5271.40     5271.90
5270.32     FeI        5267.50     5268.00     5270.15     5270.50     5271.40     5271.90
5298.28     CrI        5297.55     5297.85     5298.23     5298.35     5299.00     5299.30
5341.03     FeI+MnI    5340.54     5340.75     5340.98     5341.22     5341.60     5342.60
5345.80     CrI        5345.00     5345.30     5345.74     5345.88     5346.15     5346.45
5348.32     CrI        5347.80     5347.95     5348.20     5348.47     5348.55     5348.70
5371.50     FeI        5371.26     5371.32     5371.44     5371.56     5371.68     5371.74
5394.67     MnI        5394.36     5394.44     5394.58     5394.76     5394.92     5395.00
5397.13     FeI        5396.90     5396.96     5397.06     5397.20     5397.32     5397.38
5405.78     MnI        5405.55     5405.61     5405.71     5405.85     5405.97     5406.03
5407.42     MnI+FeI    5406.90     5407.20     5407.20     5407.62     5407.70     5408.00
5409.79     CrI        5409.30     5409.50     5409.67     5409.97     5410.10     5410.40
5420.35     MnI        5419.40     5419.80     5420.20     5420.50     5421.50     5421.75
5426.25     TiI        5425.90     5426.10     5426.20     5426.30     5426.40     5426.60
5429.70     FeI        5429.47     5429.53     5429.63     5429.77     5429.89     5429.95
5432.55     MnI        5432.24     5432.32     5432.47     5432.64     5432.80     5432.88
5434.53     FeI        5434.21     5434.29     5434.45     5434.61     5434.77     5434.85
5446.92     FeI        5446.60     5446.68     5446.84     5447.00     5447.16     5447.24
5455.61     FeI        5454.70     5454.90     5455.55     5455.70     5456.65     5457.00
5460.50     TiI        5460.20     5460.30     5460.41     5460.61     5460.65     5460.80
5470.63     MnI        5470.20     5470.40     5470.50     5470.77     5470.80     5471.10
5476.91     NiI        5475.00     5475.25     5476.75     5477.10     5477.95     5478.25
5483.36     CoI        5482.70     5482.90     5483.22     5483.50     5483.60     5483.80
5497.52     FeI        5497.37     5497.41     5497.47     5497.57     5497.65     5497.69
5501.47     FeI        5501.25     5501.31     5501.39     5501.55     5501.67     5501.73
5506.78     FeI        5506.56     5506.62     5506.70     5506.86     5506.98     5507.04
5516.77     MnI        5516.29     5516.41     5516.65     5516.89     5517.13     5517.25
5528.41     MgI        5527.00     5527.40     5528.31     5528.50     5530.10     5530.30
5537.77     MnI        5537.22     5537.36     5537.62     5537.92     5538.20     5538.34
5569.62     FeI        5568.20     5568.70     5569.50     5569.75     5570.90     5571.80
5581.97     CaI        5581.00     5581.50     5581.80     5582.20     5582.50     5582.85
5587.86     NiI        5587.70     5587.77     5587.80     5587.92     5588.00     5588.10
5588.76     CaI        5588.20     5588.40     5588.60     5588.95     5589.10     5589.25
5590.12     CaI        5589.50     5589.70     5590.05     5590.20     5590.30     5590.60
5598.49     CaI        5597.80     5598.00     5598.44     5598.55     5599.00     5599.20
5624.55     FeI        5624.14     5624.28     5624.49     5624.65     5625.00     5625.20
5627.64     VI         5627.20     5627.40     5627.55     5627.75     5627.80     5628.20
5670.85     VI         5670.20     5670.50     5670.75     5670.95     5671.20     5671.50
5703.58     VI         5703.00     5703.40     5703.45     5703.75     5704.00     5704.60
5707.00     VI         5706.30     5706.60     5706.90     5707.15     5707.40     5707.70
5711.09     MgI        5710.10     5710.60     5711.00     5711.20     5711.40     5711.60
5782.13     FeI        5781.40     5781.60     5781.90     5782.35     5782.40     5782.80
5853.68     BaII       5853.30     5853.50     5853.55     5853.80     5853.90     5854.20
5857.45     CaI        5856.30     5856.80     5857.37     5857.53     5858.00     5858.15
5889.96     NaI        5888.70     5888.90     5889.85     5890.04     5891.30     5891.60
5895.93     NaI        5894.40     5894.60     5895.80     5896.07     5896.20     5896.40
6013.50     MnI        6010.50     6012.00     6013.40     6013.60     6014.00     6015.00
6016.64     FeI+MnI    6015.50     6016.00     6016.45     6016.80     6017.40     6017.90
6021.80     MnI        6021.00     6021.50     6021.70     6021.90     6022.00     6022.50
6065.49     FeI        6064.90     6065.10     6065.43     6065.56     6066.00     6066.50
6081.45     VI         6080.50     6081.00     6081.32     6081.58     6081.95     6082.25
6082.71     FeI        6082.00     6082.20     6082.65     6082.79     6083.00     6083.20
6085.25     FeI+TiI    6084.50     6085.00     6085.20     6085.32     6085.50     6086.00
6090.21     VI         6089.80     6090.00     6090.15     6090.30     6090.40     6090.80
6102.72     CaI        6100.50     6101.50     6102.50     6103.00     6103.50     6104.50
6111.65     VI         6111.25     6111.45     6111.55     6111.75     6112.00     6112.60
6122.22     CaI        6120.40     6120.85     6122.10     6122.35     6123.70     6124.30
6136.62     FeI        6136.00     6136.30     6136.55     6136.70     6138.00     6138.30
6141.73     BaII+FeI   6141.00     6141.50     6141.60     6141.73     6142.00     6142.50
6150.15     VI         6149.85     6150.00     6150.05     6150.27     6150.40     6150.60
6173.34     FeI        6172.80     6173.10     6173.20     6173.50     6173.75     6174.00
6191.57     FeI        6189.60     6190.20     6191.49     6191.65     6192.70     6193.25
6199.19     VI+FeII    6198.80     6199.00     6199.05     6199.35     6199.70     6200.00
6200.32     FeI        6199.80     6200.00     6200.15     6200.48     6200.60     6201.00
6213.44     FeI        6212.50     6213.00     6213.25     6213.60     6214.10     6214.50
6213.87     VI         6212.50     6213.00     6213.75     6214.00     6214.10     6214.50
6216.36     FeI+VI     6216.00     6216.15     6216.25     6216.50     6217.00     6217.50
6219.29     FeI        6218.40     6219.00     6219.00     6219.60     6219.60     6219.80
6230.73     FeI        6229.40     6229.90     6230.60     6230.95     6231.60     6232.10
6242.83     VI         6242.00     6242.50     6242.72     6243.00     6243.50     6244.00
6243.11     VI         6242.00     6242.50     6243.00     6243.23     6243.50     6244.00
6246.32     FeI        6245.30     6245.50     6246.10     6246.50     6247.00     6247.25
6251.83     VI         6251.30     6251.60     6251.70     6252.00     6252.10     6252.40
6252.56     FeI        6251.00     6251.60     6252.48     6252.65     6253.00     6253.60
6254.26     FeI        6253.40     6253.60     6254.00     6254.50     6254.60     6254.80
6256.36     FeI+NiI    6256.07     6256.20     6256.20     6256.55     6256.60     6256.80
6265.14     FeI        6264.50     6264.80     6264.95     6265.30     6265.40     6265.55
6274.66     VI         6274.30     6274.50     6274.55     6274.75     6274.80     6275.00
6318.03     FeI+CaI    6317.20     6317.60     6317.90     6318.16     6318.37     6318.57
6335.34     FeI        6333.50     6334.00     6335.20     6335.40     6335.60     6335.75
6358.69     FeI        6358.15     6358.40     6358.50     6358.85     6358.90     6359.05
6393.61     FeI        6391.40     6391.90     6393.52     6393.70     6395.60     6396.10
6400.32     FeI        6399.00     6399.25     6400.25     6400.40     6400.50     6400.75
6408.02     FeI        6407.60     6407.80     6407.85     6408.20     6408.30     6408.45
6421.36     FeI        6420.80     6421.00     6421.30     6421.43     6421.80     6422.00
6430.85     FeI        6429.00     6429.50     6430.75     6430.95     6432.15     6432.50
6450.20     SiI        6447.00     6448.00     6450.00     6450.50     6450.80     6451.40
6562.80     Halpha     6559.20     6560.40     6562.28     6563.35     6566.00     6568.00
6643.64     NiI        6643.00     6643.30     6643.55     6643.72     6644.00     6644.30
